,33207,3231,44265,44290,7683,50536,57049,9350,33198,22210
33207,1.0,-0.08636070769262268,-0.025682238282909726,-0.018383356838196634,-0.1279217269247654,-0.07510730776133505,-0.07977277848354869,-0.03212155648159703,-0.07759589952160889,-0.09533107998607689
3231,-0.08636070769262268,1.0,-0.04551734799568239,-0.0315236811526969,0.29332460887306716,0.15883948367893966,0.08441212098345112,0.36409249513030045,-0.016802218810834144,-0.020655953123017698
44265,-0.025682238282909726,-0.04551734799568239,1.0,0.9639029304882207,-0.06517742336040798,-0.07135902287284857,-0.0881442818947392,-0.03427749427221969,0.11725719595978969,-0.1303508419216335
44290,-0.018383356838196634,-0.0315236811526969,0.9639029304882207,1.0,-0.114207738194042,-0.08270315743346425,-0.09118717926105963,-0.0747913417668497,-0.049016437920246916,-0.13365172227561903
7683,-0.1279217269247654,0.29332460887306716,-0.06517742336040798,-0.114207738194042,1.0,0.6397613090999298,-0.08442780254007302,0.3119529180980184,0.2437959513291677,0.138191797203897
50536,-0.07510730776133505,0.15883948367893966,-0.07135902287284857,-0.08270315743346425,0.6397613090999298,1.0,-0.06381126169726521,0.19863567760456466,-0.0015881936372316545,0.38990580375228073
57049,-0.07977277848354869,0.08441212098345112,-0.0881442818947392,-0.09118717926105963,-0.08442780254007302,-0.06381126169726521,1.0,-0.132253564799266,-0.09869564125785488,-0.16313111173077868
9350,-0.03212155648159703,0.36409249513030045,-0.03427749427221969,-0.0747913417668497,0.3119529180980184,0.19863567760456466,-0.132253564799266,1.0,0.13595067433721209,-0.11505322574263974
33198,-0.07759589952160889,-0.016802218810834144,0.11725719595978969,-0.049016437920246916,0.2437959513291677,-0.0015881936372316545,-0.09869564125785488,0.13595067433721209,1.0,0.10567813812269104
22210,-0.09533107998607689,-0.020655953123017698,-0.1303508419216335,-0.13365172227561903,0.138191797203897,0.38990580375228073,-0.16313111173077868,-0.11505322574263974,0.10567813812269104,1.0
