,Sample_1,Sample_2,Sample_3,Sample_4,Sample_5,Sample_6,Sample_7,Sample_8,Sample_9,Sample_10,Sample_11,Sample_12,Sample_13,Sample_14,Sample_15,Sample_16,Sample_17,Sample_18,Sample_19,Sample_20,Sample_21,Sample_22,Sample_23,Sample_24,Sample_25,Sample_26,Sample_27,Sample_28,Sample_29,Sample_30,Sample_31,Sample_32,Sample_33,Sample_34,Sample_35,Sample_36,Sample_37,Sample_38,Sample_39,Sample_40,Sample_41,Sample_42,Sample_43,Sample_44,Sample_45,Sample_46,Sample_47,Sample_48,Sample_49,Sample_50,Sample_51,Sample_52,Sample_53,Sample_54,Sample_55,Sample_56,Sample_57,Sample_58,Sample_59,Sample_60,Sample_61,Sample_62,Sample_63,Sample_64,Sample_65,Sample_66,Sample_67,Sample_68,Sample_69,Sample_70,Sample_71,Sample_72,Sample_73
Sample_1,1.0,0.9999141333149199,0.9998777265734304,0.9962559061920969,0.9901771203431534,0.9922483000996626,0.9892467251357023,0.9914513481941623,0.9939916882451519,0.9944059783765528,0.4491685356319477,0.47282782190720607,0.4477722245076201,0.9953200436569404,0.9972995744438891,0.9945196701810176,0.4984554173627535,0.49198877418696474,0.4880562341719322,0.020655494883674286,0.01877558055399106,0.01881038006890724,0.018066568701300873,0.01888642162902421,0.018393262552706843,0.9799486899316846,0.9758855109105218,0.9837346710119196,0.9879816422303851,0.008083247809714205,0.9901481548898223,0.9854038631913662,0.9812311482701207,0.9823175240795751,0.992244694034703,0.9921008948255823,0.9920951407618367,0.3498031278916154,0.3424965127192252,0.35139725605237004,0.38142566975129155,0.3773158381780963,0.3851578231566696,0.3779664909860548,0.3791171955050172,0.4317603281711842,0.37617225359101697,0.4061832782374687,0.3914441465622545,0.4540383789610223,0.434491544484889,0.43899813466767823,0.44300305384679944,0.44406931154379303,0.3985795693485489,0.4228289564935819,0.3898150286790709,0.40639805616856695,0.4111394477824699,0.40054883169323036,0.38527618593773777,0.1949039604087227,0.36981319814083374,0.7677173210101084,0.41398129897353053,0.6122777981029682,0.14559376472977298,0.29792943370553115,0.2941942392450886,0.41363887869552246,0.397051209704885,0.4069006205223755,0.39522457928113447
Sample_2,0.9999141333149199,1.0,0.9999784506926696,0.9964829188362503,0.9902376502306087,0.9929653824827439,0.9903400617646007,0.9925112952359104,0.9948904881755171,0.9952781239684677,0.4503550834994809,0.47398229844613554,0.4489755173907858,0.9947436961983747,0.997122266997393,0.994056299203909,0.4995145259651407,0.4930275752488489,0.4892420950318694,0.022800557565228242,0.020933952894019982,0.020960012523518198,0.020025410751960196,0.020856681625938497,0.02039781237531133,0.9816280268618683,0.9776536675356217,0.9850844330711764,0.9882499356406429,0.008264606981998579,0.9907446398773522,0.9868032250377756,0.982788063461466,0.9837071568556819,0.9926406168072961,0.9925559483434127,0.9925475695366452,0.35148270436022083,0.3442648787954046,0.35320088302381014,0.3830172503366028,0.3789617874309486,0.386781582180873,0.37979593437990505,0.3809592882736975,0.433417247564489,0.37715251528859295,0.4071435440685357,0.3923619065738461,0.4572367066240121,0.43756578473627455,0.4420283986016708,0.4476618182167193,0.4486752887430862,0.4025831269895934,0.4284803428240905,0.3954303802526451,0.4124342420924331,0.41649161294470133,0.4055878785176584,0.39003917892309997,0.19966749282230078,0.37433693054292444,0.7696618136163794,0.41757066796898135,0.6144817462009733,0.15028703736939542,0.3002737536575524,0.29563460443590317,0.41510004433190467,0.3984980850770735,0.4084868111166398,0.3965732913971385
Sample_3,0.9998777265734304,0.9999784506926696,1.0,0.9966282846624598,0.9906916784859091,0.9927407324620267,0.9907000817438917,0.9927316674988725,0.9949778569998563,0.99531387498113,0.4547186808224884,0.4783826710592961,0.4533605415446493,0.9945422364157641,0.9968910768562339,0.9938882272282815,0.5040165946855336,0.49753991104012396,0.4935675813751252,0.023276656153033246,0.021389138657506166,0.021409340100041585,0.020476395923201555,0.021335907688135366,0.020868935358126676,0.981577563573742,0.977685936119909,0.9850282444464414,0.9878864373810544,0.00815398751254391,0.9904562220180326,0.9868869460043749,0.9830302724372095,0.9839748566850953,0.9925331177115001,0.9925118745575766,0.9924453527991459,0.355932932913654,0.3486128260017984,0.3574701017152932,0.3872280529258424,0.3830935004203851,0.39087314519428457,0.3843235224156959,0.38542439702164494,0.4377866816632714,0.3820195982885378,0.411909452968962,0.39719082749671214,0.46184179135533915,0.4422473773468914,0.4466649587275594,0.4510392547647717,0.45210691507516193,0.4060969817143709,0.43191859945771915,0.39886467953867294,0.41582941177234506,0.42008180221476643,0.4092009190300109,0.39357272353411493,0.20040202796057563,0.37495351600473226,0.769910987841929,0.4184946283499363,0.6150649838218327,0.1508980258895838,0.3018131470851875,0.2993475013639535,0.41872271748795714,0.40224255955294735,0.4115204452690986,0.40060534661401576
Sample_4,0.9962559061920969,0.9964829188362503,0.9966282846624598,1.0,0.9889383082957381,0.9955877306348171,0.9894658785693863,0.9922955339135615,0.9943278775894617,0.9949333087723887,0.47448156690138366,0.4994793646028606,0.4738619141145858,0.9851218401129922,0.9895113425920223,0.9842397245954686,0.5257234938060532,0.5184946841979922,0.5131547416867456,0.015425267803386288,0.013445938975317723,0.013490002197180297,0.01383121765460441,0.014525456359799824,0.014077007581214883,0.9851249080712863,0.9808024764065336,0.9888081481938259,0.9915285922151421,0.009079040949054084,0.99369368026567,0.9883856921592099,0.983619966746434,0.9847209330226337,0.9948645391413798,0.9949444705573061,0.9946731185759285,0.37698979600894494,0.36871972385196256,0.3768230106449792,0.4089929769843918,0.4039171288139228,0.41155772954950426,0.4043392316442706,0.4049754140093724,0.4583398702490568,0.4085514151459442,0.4374337632836073,0.4233312985263916,0.47658261115041484,0.45840296962789534,0.4614866145412506,0.4584772499357113,0.4594596932655531,0.4144833921895887,0.43829438310122953,0.4049247554440534,0.4216520981334903,0.42157812675279277,0.4110876814360392,0.3941687456974147,0.1917466542368133,0.3663034681859515,0.7506803992566488,0.3969858445822625,0.5891160955958927,0.14172667100325068,0.3026983614921233,0.31663137611865777,0.43649888703302436,0.42117123819569624,0.4241811774599075,0.42290787372327954
Sample_5,0.9901771203431534,0.9902376502306087,0.9906916784859091,0.9889383082957381,1.0,0.9778530215583245,0.9858552643832129,0.985088038813041,0.9860054182078114,0.985290499468455,0.5049755769660194,0.5270647486533175,0.5031397329188326,0.9872751765958645,0.9874959224688196,0.9875579079722486,0.5556435526087843,0.5490112393700942,0.543322252466318,0.029869268110373628,0.027676498221917745,0.02774987129458636,0.028116430835716813,0.02892901595632934,0.02856198244115577,0.9676219200132614,0.9658012245848724,0.971235400459951,0.9701783884733006,0.011930725174573229,0.9734597576457509,0.9760813564660573,0.9752597004531859,0.9766830201630661,0.9792006751955118,0.9801429268879529,0.9791691617114908,0.40733961387848705,0.3992842879218933,0.40664620860252165,0.43870882912801645,0.4336825020328861,0.4409599386555282,0.43106557967107556,0.43149506743787125,0.4834883195045334,0.43867405080815697,0.46705071415037547,0.45321884484019476,0.5181179803490774,0.5004047495310349,0.5041617429978325,0.49468409633885313,0.4963261704444444,0.4522257910472442,0.4703328286403059,0.4382238745292357,0.45436719495536576,0.46382489469307026,0.45342744143291575,0.43774135055375785,0.21248672817483594,0.3846936469158414,0.7801230702306752,0.44289663534810125,0.6342585415236017,0.16149165706788002,0.31516837759679966,0.34692173692788164,0.46285984513576994,0.4485449690590346,0.4459939391656812,0.44561452980233374
Sample_6,0.9922483000996626,0.9929653824827439,0.9927407324620267,0.9955877306348171,0.9778530215583245,1.0,0.9842977546298689,0.9892812999426462,0.9930915724851155,0.9943427773441476,0.42011524925637067,0.4446778291577032,0.41926188492012856,0.9797421807263981,0.9866791197825809,0.9785858572955919,0.4700786434954541,0.46286376870479057,0.45978946870461296,0.010157116191757725,0.008134588224123085,0.008215588718633857,0.008468456866135253,0.009032640764109146,0.008511944136384448,0.9885720798136156,0.9823157022074883,0.990936129679372,0.9937558433301498,0.009346907015842485,0.9963655059060048,0.9885154934719949,0.9821352867890939,0.9816905838103488,0.994047638632588,0.9934774078043286,0.9940844975071819,0.32100262604278246,0.3140985456229528,0.3232656600258483,0.35487485429186294,0.3509837145642953,0.35898743795471855,0.34884758587577624,0.35016590636905165,0.4037692540707889,0.3459618788667826,0.37607956933706416,0.361149693453559,0.42795315075727614,0.40831418273305076,0.4120579568239152,0.4307478297702104,0.4309490205027012,0.38033268447481267,0.4170652529671608,0.3832035685260498,0.4042943309980848,0.39868214254541523,0.3855472192821165,0.3681426502309796,0.22595557098434713,0.39741385013720154,0.7586122424774392,0.41483095841066103,0.6015500116215566,0.17791316200002952,0.28268330131290237,0.2678888184635671,0.3886247418564435,0.37148268785776645,0.3843029523463327,0.3699812202015461
Sample_7,0.9892467251357023,0.9903400617646007,0.9907000817438917,0.9894658785693863,0.9858552643832129,0.9842977546298689,1.0,0.9994190513001044,0.9970652407437648,0.9963927106920653,0.5037027496965205,0.5264696985804165,0.5032351159646742,0.9814310689729276,0.9857952119086117,0.9822403555410401,0.5471626553481338,0.5402847061166647,0.5394964170539714,0.06634302308257381,0.06418267755180623,0.06424334387709536,0.06215411576214647,0.06328008131723196,0.0627252263515803,0.9873599374018527,0.9867599054264276,0.988604145502166,0.9804714327590879,0.008133295069630422,0.9853655058581038,0.9921288359220086,0.9914591112327672,0.9921478849306584,0.9879785901383782,0.9889345431059756,0.9882443278706012,0.41635871159047494,0.40964923101868506,0.41836521093333445,0.4457563696331221,0.4420547755500906,0.44937321015831144,0.4421803029833755,0.4435573004721002,0.49388593563593897,0.4319946062038138,0.46122193139793743,0.44647672377381686,0.5167438797354679,0.4970707673339879,0.5009415519367642,0.5149617399536597,0.516130240538291,0.470373834553216,0.49559670506502007,0.46295313319415116,0.4795954528745722,0.47826864713235795,0.4670124813552365,0.4502318465780519,0.21105192674400308,0.38732448540235787,0.7777075665692996,0.42802789201013947,0.6140127027148419,0.15961510776343737,0.3417631525842776,0.35844347136169524,0.47190308311363727,0.4562815085227975,0.46403129562285944,0.4530109817223152
Sample_8,0.9914513481941623,0.9925112952359104,0.9927316674988725,0.9922955339135615,0.985088038813041,0.9892812999426462,0.9994190513001044,1.0,0.9985862523572625,0.9983283649206386,0.4862819691127737,0.5094357181809435,0.48579297058900567,0.9826591283155978,0.9877637649777969,0.9831306737809024,0.5306053038273071,0.5236434992657487,0.522732181548583,0.056905732473011096,0.05480247311917355,0.05487377829500582,0.05320431613242105,0.054207561275026336,0.05365612663646719,0.9906022370347246,0.9890595330820702,0.9919400942490244,0.9856275776807321,0.00820264532105989,0.9901189695746027,0.9941888086340004,0.9922626067190778,0.9927653340311401,0.9914595746193637,0.9920920080510258,0.9916819222620669,0.39688395162925233,0.3902349073270704,0.3991426078860473,0.4272735146479156,0.42363504486017717,0.43111519261746256,0.4231753781651953,0.4246325148421577,0.475669152992407,0.41340901479413383,0.44295057009738575,0.4280579973410683,0.4979702468813222,0.47803952215210627,0.48186180620043684,0.49804591577556445,0.49899570908309065,0.452340114869367,0.4792983510806804,0.4462966976398559,0.4636599717966983,0.4609809550262755,0.4493804496636821,0.4324139562238778,0.20892123669611812,0.38517779756005277,0.7728223360531362,0.4209012892856965,0.607783015788541,0.158006356151223,0.3311365203133706,0.34038244873049517,0.45532194136708426,0.4392693755310292,0.4487497575707742,0.4361162338754719
Sample_9,0.9939916882451519,0.9948904881755171,0.9949778569998563,0.9943278775894617,0.9860054182078114,0.9930915724851155,0.9970652407437648,0.9985862523572625,1.0,0.9998843702035211,0.4693648924673787,0.49254981335134124,0.46862976343427204,0.9857419229273255,0.990838268569866,0.9860877712194805,0.5146761527562107,0.5077202283964855,0.5066592873351502,0.050775498807878926,0.04793032248379636,0.04802949248106279,0.047504443160282676,0.04869355719601938,0.04770301029261559,0.9911414830555022,0.9885268833029414,0.9927932534909488,0.9892281508978306,0.008206332249073356,0.9929652072113456,0.9944190768281956,0.9919125042160195,0.9919809179009642,0.9944246273786094,0.9947858560883798,0.9946543077646157,0.3768762601206264,0.3702211160066035,0.379258178101675,0.4092721174305078,0.40568108681852766,0.41339226719443045,0.40222920250493277,0.40364671800441143,0.4554805698468929,0.3949088238067233,0.42477622862801206,0.4098097103079048,0.48149758369022716,0.4617116539032822,0.4658745191406906,0.4826358430888982,0.4834441155730967,0.4352359979138321,0.46458097537135024,0.43140311883880267,0.4502926317392274,0.4494024271486814,0.43722998891639714,0.4205712894914095,0.22800379620409603,0.40332230266560937,0.7851507309518435,0.4383838155480124,0.6238396229748003,0.1782275814041994,0.318796064039656,0.32207030622906474,0.4392953248841181,0.4227992154862896,0.433567416109942,0.419104186475165
Sample_10,0.9944059783765528,0.9952781239684677,0.99531387498113,0.9949333087723887,0.985290499468455,0.9943427773441476,0.9963927106920653,0.9983283649206386,0.9998843702035211,1.0,0.4628220062371001,0.48614785695811213,0.4620610122453308,0.9858456132298082,0.9911618690849999,0.9859848613549095,0.5084546110674084,0.5014787440879951,0.5002750443309487,0.046061786712293565,0.04331983144062576,0.04342128642100514,0.04297112031456671,0.04409445072820534,0.04314426583163673,0.9916307849275239,0.9886597716326071,0.9933456900977274,0.9904047234673455,0.008406262082567194,0.9941218238215245,0.9944998321211375,0.9913457485839415,0.991451208894514,0.9949150755654965,0.9951472778188748,0.9951136422299107,0.36928476490946177,0.3626251798424308,0.3717183679329048,0.40201906628210526,0.3984333703852787,0.40618741140566467,0.3949908002539701,0.39644837441871983,0.4485306467786581,0.3880349770752041,0.41799350732452506,0.4029762224893577,0.47383879601220386,0.45388152359482165,0.4579727984691733,0.47513120793163116,0.475885170556814,0.42757083736364354,0.4570270831842427,0.4236799137269879,0.44263523830571017,0.44122805439254975,0.4290053425127176,0.4122478032651452,0.22244999853351752,0.39771934833994604,0.7797205619600257,0.4313103725784744,0.6177780551531745,0.17287725310729418,0.31425837948201346,0.31491529496910414,0.43271733086615966,0.4161085579195095,0.4273517785397556,0.4125679926516835
Sample_11,0.4491685356319477,0.4503550834994809,0.4547186808224884,0.47448156690138366,0.5049755769660194,0.42011524925637067,0.5037027496965205,0.4862819691127737,0.4693648924673787,0.4628220062371001,1.0,0.9972280663377515,0.9988314311703888,0.42835411772040105,0.42574392729614213,0.4336622546796076,0.9790431487836192,0.9775166146077349,0.9871066097268484,0.19093296532319154,0.1866903255875154,0.18648057642483998,0.19174053207598096,0.19459022157144804,0.1935144811425024,0.4569256504996283,0.4718525072377551,0.4599928627668019,0.4243878386494137,0.002695330440355602,0.4299350516609217,0.48231706200104396,0.5037104081436611,0.5111139842953881,0.46011373446863996,0.4684829566516761,0.4605514637989247,0.897281173633068,0.8876871999319843,0.8847567788077703,0.8856405109127319,0.8778134766619257,0.8766086907792663,0.8967199543155243,0.8953677493700032,0.907445342958969,0.9298951441313544,0.9368481275813554,0.9332112229852554,0.8373575163854571,0.8428818868946459,0.8395291978615915,0.7173409906279866,0.7229310080857216,0.7334011741811582,0.7052517688990959,0.6945445565746604,0.6804077858334974,0.6964884292738702,0.7053552948291428,0.6943927458411863,0.10320952356637494,0.20094371833067218,0.39254264045140613,0.2356230462982546,0.28842484259062423,0.05912252537771158,0.5187111504035471,0.8150011507823482,0.8519215148928908,0.8608817915559203,0.7828258712001518,0.8679938617490014
Sample_12,0.47282782190720607,0.47398229844613554,0.4783826710592961,0.4994793646028606,0.5270647486533175,0.4446778291577032,0.5264696985804165,0.5094357181809435,0.49254981335134124,0.48614785695811213,0.9972280663377515,1.0,0.9984648100914126,0.45025348407024246,0.44802144365359997,0.4553827735366228,0.9816410418000252,0.9786971649945768,0.9850706783589013,0.1787644291175113,0.1748776581995361,0.17455168030622792,0.17935318918207374,0.18214142604152794,0.1813033333988696,0.4799895888121279,0.49427203305990597,0.4833877219996305,0.4489152576013847,0.0029981415873194727,0.4541273377247039,0.5047528014111733,0.5254578452778281,0.5328777325161188,0.48403121127296517,0.4923372730240197,0.48438360058886026,0.9031610030485075,0.8923761280553474,0.8891502254924605,0.8907815074865542,0.8817699750420448,0.8806925504935529,0.9067928796934492,0.9050227510705051,0.9183822927221039,0.940211371295452,0.9461963415939912,0.9435618589934738,0.8465040899457356,0.8524293257405304,0.8485515679890189,0.7191851162070464,0.7248638539854997,0.7342973789115727,0.71052033347496,0.6988385401538838,0.6851178045276055,0.699508368375056,0.7080963268126957,0.6958601008147964,0.10583570393226238,0.20585213472431046,0.40333670249709214,0.23932755003892353,0.29727129425949245,0.0608532980759713,0.5179005069001889,0.8167594197680276,0.8562265332567319,0.8656860574261618,0.7853525558913648,0.8800465743688273
Sample_13,0.4477722245076201,0.4489755173907858,0.4533605415446493,0.4738619141145858,0.5031397329188326,0.41926188492012856,0.5032351159646742,0.48579297058900567,0.46862976343427204,0.4620610122453308,0.9988314311703888,0.9984648100914126,1.0,0.426453908970329,0.4240712259501263,0.43187056716152195,0.9756375296686817,0.9729756109565495,0.9844186158197247,0.19569701580369103,0.19170911615650654,0.19145494663664547,0.19726659193914003,0.1999542228086651,0.19910593832494616,0.45690544156695934,0.4719528794232504,0.45996509753950066,0.42413353160764233,0.0026849291683785207,0.4295804521092933,0.4824068242914415,0.5040344461139599,0.5114778224715126,0.45974853866229737,0.46814041394634265,0.4601654977434721,0.9058888740525055,0.8964837879034913,0.893523398815008,0.8928080792741641,0.8848002297924167,0.8835955981576455,0.9036259632314919,0.9021389870438998,0.9139866195490547,0.9321108713295755,0.93810556329562,0.9351947017323832,0.8426336511183943,0.8485588397787989,0.8450427899243592,0.7227809529965016,0.7282387966924578,0.7392876207446147,0.7112817630227184,0.7008412440814442,0.6862363311535394,0.7012882427776418,0.7104780533573292,0.6994318898601767,0.10277983786427883,0.20124307516369067,0.3918947079245119,0.23326050728236447,0.28573718398800496,0.05844752471178489,0.525064944178568,0.8214793369779612,0.8559013127519015,0.865152005177106,0.7880062597241833,0.8755928324323169
Sample_14,0.9953200436569404,0.9947436961983747,0.9945422364157641,0.9851218401129922,0.9872751765958645,0.9797421807263981,0.9814310689729276,0.9826591283155978,0.9857419229273255,0.9858456132298082,0.42835411772040105,0.45025348407024246,0.426453908970329,1.0,0.9990369747852315,0.9997497897611846,0.4738965014503723,0.4678151266932816,0.46604474879940133,0.016913783749750787,0.01505303979926559,0.015152192195868096,0.015653255967985637,0.01632714208233236,0.015765320417360024,0.9668218799305672,0.9637285388552567,0.9708621496648009,0.9763617785100605,0.007989465153003408,0.978460250436308,0.9750480545233927,0.9718523679678787,0.9732065794408302,0.9821480091115186,0.9819417538216378,0.981999208608662,0.3250915053540899,0.3185655106696138,0.32778235528732813,0.35786660912098855,0.35445746851371346,0.36234087561341816,0.35004907177022865,0.35143441533649916,0.4038271878071576,0.34744476957242315,0.37786214170891735,0.36287630291780293,0.42835527947287194,0.4080835613653612,0.41343067269819184,0.4200494621543158,0.42135934490169413,0.376578160779491,0.39494759593821754,0.3622979858576467,0.3784222828794046,0.3873398483128901,0.3768032598496933,0.36283033602483333,0.18490592472914053,0.36026596608612627,0.7781383785351039,0.42229522769562156,0.6272317809236614,0.13593446050573676,0.2878606871854799,0.27402242877267746,0.3921611308018126,0.3750921081866413,0.388631353686878,0.3699255167499318
Sample_15,0.9972995744438891,0.997122266997393,0.9968910768562339,0.9895113425920223,0.9874959224688196,0.9866791197825809,0.9857952119086117,0.9877637649777969,0.990838268569866,0.9911618690849999,0.42574392729614213,0.44802144365359997,0.4240712259501263,0.9990369747852315,1.0,0.9988674351874216,0.47122702185712934,0.4648850170250633,0.463551652742088,0.01717953855941107,0.015326550077396625,0.015424555529812032,0.015994475548422673,0.016608769733198928,0.01607946526034077,0.975919352871873,0.9725082910753123,0.9792349925833235,0.9830478299177354,0.00839276331020884,0.9855952714803529,0.9823142581207228,0.9786193026537134,0.9794920753273806,0.9878660665559779,0.9876192743971035,0.987813563649585,0.322944074639922,0.3165814092854563,0.3259392662346083,0.35635693209781827,0.3530363241351415,0.36095849513178224,0.34810090397479493,0.34957802070626215,0.4022191245920441,0.344142975496177,0.3746605095284408,0.3595150072041309,0.42803693278260607,0.40745506218753436,0.4124897657746667,0.42393044753302206,0.42496673100746807,0.37844579696656444,0.4010946909282594,0.36800555266643475,0.3854488308826123,0.3909026967736008,0.3795333086270779,0.36462160611900857,0.19269057828709782,0.3682573132112977,0.7777129256510278,0.42195154207548957,0.6235349900887719,0.1436079771673795,0.2889662595377663,0.27173213363386073,0.39068382683372216,0.3734407432058941,0.38782448970364314,0.36854502555416235
Sample_16,0.9945196701810176,0.994056299203909,0.9938882272282815,0.9842397245954686,0.9875579079722486,0.9785858572955919,0.9822403555410401,0.9831306737809024,0.9860877712194805,0.9859848613549095,0.4336622546796076,0.4553827735366228,0.43187056716152195,0.9997497897611846,0.9988674351874216,1.0,0.4782997856200113,0.47216097216894937,0.47094442141009024,0.020441195295702153,0.018559754840297638,0.018651853503320194,0.019265751700946458,0.019956236966962776,0.019403439797169065,0.9678118619688701,0.9652994880390321,0.9715512708209609,0.9760489199813684,0.008051712493380892,0.9780485398078373,0.9763425610329619,0.9739564676581878,0.9751457045317232,0.9824492663717025,0.9823926226347182,0.9823672049337251,0.3312605408868124,0.32487218759926095,0.3340811807326335,0.36401951930753823,0.3606973340483857,0.3685326865065389,0.3552876883329357,0.35665536449734225,0.40876812734391016,0.3518566451453877,0.3821704750680572,0.367218310651475,0.4349215657652091,0.4146912848395348,0.42007211535497924,0.4272931205931532,0.42860866273773324,0.38364979314478886,0.40221910328732696,0.3696894356484397,0.385978497010828,0.39503221440209174,0.3843752552967217,0.3703471071674423,0.1909939326833169,0.3668159249783356,0.7854154319633505,0.42988978161309793,0.6334695925334608,0.14153567332901282,0.29301283581773435,0.27967366924972814,0.3971749392886222,0.3801685624711805,0.3936463227646482,0.3747484028009741
Sample_17,0.4984554173627535,0.4995145259651407,0.5040165946855336,0.5257234938060532,0.5556435526087843,0.4700786434954541,0.5471626553481338,0.5306053038273071,0.5146761527562107,0.5084546110674084,0.9790431487836192,0.9816410418000252,0.9756375296686817,0.4738965014503723,0.47122702185712934,0.4782997856200113,1.0,0.9993746206546567,0.991981271565074,0.13435423333868818,0.130809791731208,0.1303616409901628,0.13166560789915685,0.13454705461771774,0.13397249645659468,0.49776106431175293,0.5103608882423123,0.5018537826486787,0.4712543596342413,0.003688253491080355,0.47568230565068664,0.5206835028640594,0.5394643558241754,0.5466786055336976,0.5054725902078359,0.5136054499489996,0.5056876247675034,0.8765838098479806,0.8624988800695201,0.8580205003518855,0.8623436659785757,0.8513973703108899,0.8500456127788117,0.893167847312637,0.8895853110442105,0.9048915424112816,0.947967470671691,0.9548508745258101,0.9520297968365019,0.8428120188831877,0.8498733969963002,0.844612427230639,0.6920280156821065,0.6979064258344388,0.7041215058984974,0.6856567024337584,0.6723463160025294,0.6608037678064155,0.6800704178329571,0.6874514828392037,0.6730535150003862,0.10731253680671303,0.20371651168199134,0.4050813974565722,0.24660287263039019,0.3091742161377347,0.06242521516169295,0.4811305429427071,0.7845017318380901,0.8350253807061476,0.8443530413313202,0.7544695178790545,0.8580600372073542
Sample_18,0.49198877418696474,0.4930275752488489,0.49753991104012396,0.5184946841979922,0.5490112393700942,0.46286376870479057,0.5402847061166647,0.5236434992657487,0.5077202283964855,0.5014787440879951,0.9775166146077349,0.9786971649945768,0.9729756109565495,0.4678151266932816,0.4648850170250633,0.47216097216894937,0.9993746206546567,1.0,0.9915867174555277,0.13099645626234535,0.12733806679180507,0.12688865765648488,0.1275510134393166,0.13065112981084745,0.1299127668074686,0.4903116236654326,0.5029278429471342,0.49436713491560264,0.4638450257850866,0.003605838839436867,0.46827026113759335,0.5133305690939198,0.532114270606268,0.5393323860029327,0.4982010072198927,0.5063387129785978,0.49843373468424773,0.8706072940703939,0.856290809365803,0.8518432724390416,0.8556469413090102,0.8449224372484995,0.8434203428362385,0.8888543288288253,0.8853236111807722,0.900203624387121,0.9450641706982604,0.9523761300508525,0.9491795280131397,0.8386865782792166,0.8456560220757889,0.8405469733657571,0.6861466733487278,0.6922059406611619,0.6982964923041582,0.6801023165140351,0.6667251102541693,0.655301649439493,0.6757597668136105,0.6830540995543206,0.668836327313825,0.10634491762188826,0.200997660077027,0.4005765761848868,0.2455359301455722,0.3069884244614311,0.061905970117999,0.47747213159957025,0.7788599727358141,0.8297070874465029,0.8388567857785287,0.7492719296982543,0.8512169015065928
Sample_19,0.4880562341719322,0.4892420950318694,0.4935675813751252,0.5131547416867456,0.543322252466318,0.45978946870461296,0.5394964170539714,0.522732181548583,0.5066592873351502,0.5002750443309487,0.9871066097268484,0.9850706783589013,0.9844186158197247,0.46604474879940133,0.463551652742088,0.47094442141009024,0.991981271565074,0.9915867174555277,1.0,0.18553206774422132,0.18153582872164328,0.18120993634810129,0.18257219471680614,0.18589003114207636,0.1850458552770469,0.4922862306402459,0.5061218613181546,0.49562507149581575,0.463172470657609,0.0032793318325112964,0.46790384659316014,0.5159827402271473,0.536052616038118,0.543199832516066,0.49745223469422795,0.5054897485750849,0.49779360976351145,0.8855654357169035,0.8748652931961847,0.8723768023342088,0.8719283842989357,0.8638693322165264,0.8630341313392865,0.8915410299191029,0.8894397017837545,0.9032360527179629,0.9262981681688215,0.9352281164260046,0.930769122453339,0.8391127664584355,0.8443858800869484,0.840853039044676,0.7139058411515997,0.7191872665779043,0.7267145171863125,0.7011361205927741,0.6891044437909174,0.6760948906793279,0.6972396478949636,0.7055583545977788,0.6939327158500751,0.10792083129776778,0.2099303533767092,0.4145719467273955,0.24723006264377026,0.30794169153041007,0.06267767750796535,0.5166952517078572,0.7997414616852601,0.8440031086096267,0.8507154064341274,0.7767921199800947,0.8542998654018598
Sample_20,0.020655494883674286,0.022800557565228242,0.023276656153033246,0.015425267803386288,0.029869268110373628,0.010157116191757725,0.06634302308257381,0.056905732473011096,0.050775498807878926,0.046061786712293565,0.19093296532319154,0.1787644291175113,0.19569701580369103,0.016913783749750787,0.01717953855941107,0.020441195295702153,0.13435423333868818,0.13099645626234535,0.18553206774422132,1.0,0.9973316717910903,0.9978314354105915,0.9542056342812925,0.9620993121260362,0.9605935402685276,0.052783390926251145,0.06587163621457227,0.0485763328995351,0.021989886876310066,-0.0034849422477953263,0.026741627856766873,0.061613226057557764,0.0769388750489408,0.0779664319980712,0.03380999945855394,0.03584505243654179,0.0346021738670012,0.31248172428107485,0.33083195096756474,0.3401411484825823,0.30098500622460395,0.3132399317035967,0.31625064938074754,0.2812467353383418,0.2901941393809571,0.2778759745219468,0.1378376698406769,0.1463062956043018,0.13912208418570132,0.23635320598302098,0.23372072720140438,0.23996667559879584,0.42322875544063765,0.41672697833265443,0.43551068005671123,0.4052874748649371,0.42015092455265485,0.3967843346371502,0.37069473603063713,0.3817838586547648,0.3959921324431125,0.045570293894031916,0.08472911825951912,0.11196889667022618,0.08138697219742001,0.05797805205316565,0.03883750716372621,0.36723338054903376,0.36418817803388426,0.3218174741379239,0.31075783730429596,0.39253563237678374,0.25942479099372706
Sample_21,0.01877558055399106,0.020933952894019982,0.021389138657506166,0.013445938975317723,0.027676498221917745,0.008134588224123085,0.06418267755180623,0.05480247311917355,0.04793032248379636,0.04331983144062576,0.1866903255875154,0.1748776581995361,0.19170911615650654,0.01505303979926559,0.015326550077396625,0.018559754840297638,0.130809791731208,0.12733806679180507,0.18153582872164328,0.9973316717910903,1.0,0.9996369354830582,0.9547695553599671,0.9610107047106816,0.9630123406734235,0.050236251119461506,0.06324015982222696,0.04605553306389311,0.019892098754557483,-0.0032195792028344374,0.024549287036164102,0.05937555207727854,0.07457283864011224,0.07563441781625956,0.03159291328123128,0.03358573916034967,0.032364734507773156,0.30962316702465914,0.3283335341238109,0.33750504756542704,0.29754804374331456,0.30965321661404055,0.3126302400997011,0.27936874791750027,0.2884276402483498,0.27563681705643084,0.13430659884701718,0.1423539072477915,0.1354543803153392,0.23459074714656558,0.2323189606432199,0.23826721214181149,0.4235157626700376,0.41646168887337526,0.4361459140964803,0.407486946276027,0.4231342201707051,0.3988453222706641,0.36850935542595625,0.37998166446915005,0.39393823570607195,0.036904681013538616,0.07585576622309784,0.10346488352183425,0.07110521935065478,0.04935860929199398,0.02970579811571668,0.36518579342744545,0.3592684821069955,0.31449574852069634,0.30392083639208556,0.3856498701174478,0.2559360870486831
Sample_22,0.01881038006890724,0.020960012523518198,0.021409340100041585,0.013490002197180297,0.02774987129458636,0.008215588718633857,0.06424334387709536,0.05487377829500582,0.04802949248106279,0.04342128642100514,0.18648057642483998,0.17455168030622792,0.19145494663664547,0.015152192195868096,0.015424555529812032,0.018651853503320194,0.1303616409901628,0.12688865765648488,0.18120993634810129,0.9978314354105915,0.9996369354830582,1.0,0.9559210302957126,0.9620603000197461,0.9636507765520046,0.05035276376798676,0.06335978786134634,0.046175098983411815,0.019994582889825297,-0.00330248992275107,0.024678384367053427,0.05944012858530136,0.07461216424852286,0.075681400207557,0.03167682012904146,0.03366322659648049,0.03244665675326145,0.3092753401218346,0.3279726554645063,0.33715978874545144,0.2972196202721048,0.309339694894062,0.3123278112243122,0.2786646769751525,0.28765899693025887,0.2750419063363318,0.13389537563319057,0.1420124436634615,0.1350557605512111,0.23366918019898067,0.23134515767939615,0.23732356462135965,0.4220902183732036,0.4151066454704548,0.43467747449348876,0.40574198691864255,0.4212700947439076,0.39709436363528977,0.3674227565845518,0.3788433377054637,0.39283138028414066,0.03667485458701145,0.07572085471969724,0.10345555416494288,0.07077304940665315,0.049187952090741525,0.029393746216099286,0.3646555562463629,0.35942602305258653,0.314971290636071,0.304307979629581,0.3858750660593952,0.25572591846760917
Sample_23,0.018066568701300873,0.020025410751960196,0.020476395923201555,0.01383121765460441,0.028116430835716813,0.008468456866135253,0.06215411576214647,0.05320431613242105,0.047504443160282676,0.04297112031456671,0.19174053207598096,0.17935318918207374,0.19726659193914003,0.015653255967985637,0.015994475548422673,0.019265751700946458,0.13166560789915685,0.1275510134393166,0.18257219471680614,0.9542056342812925,0.9547695553599671,0.9559210302957126,1.0,0.9980047011808099,0.9974664092573043,0.04951251528523019,0.062178960553385655,0.04546705335278552,0.019486846393775063,-0.004212786104502535,0.024441156366233476,0.06019527212566046,0.07558037213998633,0.07661213390322767,0.031985170722241045,0.033955123907396294,0.032765964443510445,0.31043601428462847,0.3296887984413251,0.33822621964363897,0.30136889675131184,0.3131552800781542,0.3158853038437956,0.2751249210557845,0.2824528879349231,0.2706293086371948,0.13423403093005076,0.1415799963047341,0.13539312428536948,0.23923193204166948,0.23732115738658,0.24314076151451347,0.4148022331769879,0.40728890205978696,0.42727874527556836,0.3882331197821704,0.40325112032518223,0.3804727000310594,0.3582625887813037,0.3695484539473176,0.3827930901048513,0.03458881857387416,0.07360506734352344,0.10045351038861518,0.06761140141535933,0.046478561930219375,0.02676650367911583,0.35711300712798305,0.35878318350215355,0.3116479350766176,0.3016531264227732,0.37871277582335955,0.25974285968687816
Sample_24,0.01888642162902421,0.020856681625938497,0.021335907688135366,0.014525456359799824,0.02892901595632934,0.009032640764109146,0.06328008131723196,0.054207561275026336,0.04869355719601938,0.04409445072820534,0.19459022157144804,0.18214142604152794,0.1999542228086651,0.01632714208233236,0.016608769733198928,0.019956236966962776,0.13454705461771774,0.13065112981084745,0.18589003114207636,0.9620993121260362,0.9610107047106816,0.9620603000197461,0.9980047011808099,1.0,0.9978516913927036,0.05057800888385484,0.06340525591935976,0.046499504686516493,0.020334947430693015,-0.004233125654421091,0.025246769369075692,0.06109473372441621,0.0765818278305355,0.07764262787556402,0.032837662251347585,0.034840048510947644,0.033616449051464166,0.3130812484078593,0.332060979674035,0.3408497792202939,0.3039756374992419,0.31599786444601297,0.3188298822593193,0.27767883376105246,0.28542111521956853,0.27345045606485774,0.13660871583512643,0.14431856860863349,0.13784213017212193,0.24090725822937975,0.2386626270806564,0.2447035552614704,0.4172020906119162,0.41005523357739526,0.4296460405995252,0.39005234423182916,0.40470439700519817,0.38212708280950525,0.3615910332763234,0.372799666602529,0.38632893792976103,0.03736937928305986,0.07660798606786842,0.10408393223479324,0.07112171602402666,0.04968940326605885,0.02965461443959728,0.3601097537762054,0.3620074506893213,0.316050953482731,0.3057529603054287,0.38435383268175977,0.26171762394493875
Sample_25,0.018393262552706843,0.02039781237531133,0.020868935358126676,0.014077007581214883,0.02856198244115577,0.008511944136384448,0.0627252263515803,0.05365612663646719,0.04770301029261559,0.04314426583163673,0.1935144811425024,0.1813033333988696,0.19910593832494616,0.015765320417360024,0.01607946526034077,0.019403439797169065,0.13397249645659468,0.1299127668074686,0.1850458552770469,0.9605935402685276,0.9630123406734235,0.9636507765520046,0.9974664092573043,0.9978516913927036,1.0,0.049658710815842146,0.06242039867010463,0.04558226348069702,0.019597488768023707,-0.004105640280624264,0.024483416032380127,0.06050271154420091,0.07598004880562362,0.07704186287411333,0.03216403299758707,0.03415691323733715,0.03294146052495259,0.3136030061344788,0.33294934202814896,0.34163961246720226,0.30411440685495283,0.3160248907561781,0.3188532561734728,0.2780515884329013,0.28575200361249536,0.27364722944916114,0.13592774232319715,0.1432792507551064,0.13702907526633826,0.24232804042135336,0.24044587509786788,0.2462396330954724,0.4195329861795217,0.41190954649004197,0.43209721875411244,0.3940174277460832,0.40924720334504294,0.38608601819385246,0.3625215114933417,0.37400591322181487,0.3873036740637741,0.03369965212306446,0.07288280328890474,0.10034020563031867,0.06683431849075631,0.046002867129025536,0.025749234417111876,0.3596446237864572,0.36082008028771273,0.3128606961801655,0.3029185316614745,0.3809193981339645,0.2613674885313015
Sample_26,0.9799486899316846,0.9816280268618683,0.981577563573742,0.9851249080712863,0.9676219200132614,0.9885720798136156,0.9873599374018527,0.9906022370347246,0.9911414830555022,0.9916307849275239,0.4569256504996283,0.4799895888121279,0.45690544156695934,0.9668218799305672,0.975919352871873,0.9678118619688701,0.49776106431175293,0.4903116236654326,0.4922862306402459,0.052783390926251145,0.050236251119461506,0.05035276376798676,0.04951251528523019,0.05057800888385484,0.049658710815842146,1.0,0.9990853958132628,0.999559838078204,0.9899995818587736,0.008765332783871281,0.9943043482736686,0.9957012545925311,0.9926900138868741,0.9921820343734253,0.9910813337979941,0.991397453546365,0.9914682680811494,0.37342452890887007,0.36773237508626977,0.37738278303256595,0.407153547466312,0.40456446538783486,0.4122888826060175,0.39784249366593377,0.40019770376107716,0.4529264525537404,0.38245224540099143,0.4125998014171922,0.3970341954742789,0.467604905224476,0.4470174929128814,0.4505090819881759,0.48226378526307384,0.4826452824584485,0.433453051470557,0.4660327835129365,0.43250421479234297,0.4520791334420222,0.44145692269809533,0.42863138089864805,0.4107799053785429,0.21528644801600738,0.3923996951471815,0.7646620996210323,0.40775045438269386,0.5878608357783869,0.164758891691618,0.34697709182765435,0.33618323769211256,0.44786526452794906,0.4305855870052288,0.4485087191293721,0.42022794055059093
Sample_27,0.9758855109105218,0.9776536675356217,0.977685936119909,0.9808024764065336,0.9658012245848724,0.9823157022074883,0.9867599054264276,0.9890595330820702,0.9885268833029414,0.9886597716326071,0.4718525072377551,0.49427203305990597,0.4719528794232504,0.9637285388552567,0.9725082910753123,0.9652994880390321,0.5103608882423123,0.5029278429471342,0.5061218613181546,0.06587163621457227,0.06324015982222696,0.06335978786134634,0.062178960553385655,0.06340525591935976,0.06242039867010463,0.9990853958132628,1.0,0.9982612739048681,0.9859846732398536,0.008686708262039409,0.9905267499976083,0.9945683834190135,0.9928607084605526,0.9926409006433448,0.987851627845551,0.9884702809627891,0.9882723756515476,0.3926832520259189,0.3872663040839716,0.39694928246630873,0.4261368006959309,0.42384823452913944,0.43146950319263233,0.4157231684755201,0.4182927423255256,0.47059546577250927,0.39763417398813306,0.4277081885647419,0.4120604826558402,0.48217649072107704,0.4615705871263293,0.46505092085986127,0.49738124248320265,0.4979069883977577,0.45033143873243325,0.4786464516957223,0.44551495095919585,0.46369462605665057,0.4534948585418971,0.44135133164071616,0.42384793087295686,0.20556387555570654,0.3846332198489348,0.7653291560225703,0.4034617201841759,0.5834037693323905,0.15425524990171843,0.3665390624190618,0.3589251729883828,0.46773667871600955,0.4505604220990818,0.46909951859253546,0.43770823991348
